并发 12 条，每条最多 96 个 token

  时刻 (s)   在跑   在等  
    0.84    0    0  
    0.94    0    0  
    1.05    0    0  
    1.15    0    0  
    1.26    0    0  
    1.36    0    0  
    1.47    0    0  
    1.57    0    0  
    1.68    0    0  
    1.78    0    0  
    1.88    0    0  
    1.99    0    0  
    2.09    0    0  
    2.20    0    0  
    2.30    0    0  
    2.40    0    0  
    2.51    0    0  
    2.61    0    0  
    2.72    0    0  
    2.82    0    0  
    2.93    0    0  
    3.03    8    4  ████████····
    3.14    8    4  ████████····
    3.24    8    4  ████████····
    3.35    8    4  ████████····
    3.45    8    4  ████████····
    3.56    8    4  ████████····
    3.66    8    4  ████████····
    3.77    8    4  ████████····
    3.87    8    4  ████████····
    3.98    8    4  ████████····
    4.08    8    4  ████████····
    4.19    8    4  ████████····
    4.29    1    3  █···
    4.40    4    0  ████
    4.50    4    0  ████
    4.61    4    0  ████
    4.71    4    0  ████
    4.82    4    0  ████
    4.92    4    0  ████
    5.03    4    0  ████
    5.13    4    0  ████
    5.24    4    0  ████
    5.35    4    0  ████

最多同时在跑 8 条，最多同时在等 4 条
各条端到端：4.23, 4.26, 4.26, 4.26, 4.26, 4.26, 4.26, 4.26, 5.42, 5.43, 5.44, 5.44 s
